DSCF1013.JPG:[1275,1833,470,210,4],[1880,1803,465,212,5],[2432,1764,463,204,6],[1779,1607,460,225,2],[1209,1677,477,216,1],[2294,1516,488,230,3]
DSCF1015.JPG:[636,1369,1192,858,3],[2056,1061,1122,688,6]
DSCF1016.JPG:[1981,1273,1010,542,6],[2403,710,956,634,3],[1050,1861,1128,601,4]
DSCF1017.JPG:[1874,705,783,393,4]
DSCF1021.JPG:[1986,751,949,531,5]
DSCF1023.JPG:[1892,1203,792,415,2]
DSCF1025.JPG:[978,1575,1249,673,6]
DSCF1029.JPG:[2547,827,1071,815,1],[1434,1114,1128,857,2],[106,1675,1271,703,6]
DSCF1032.JPG:[123,1241,1006,423,5],[2331,1151,899,413,6]
DSCF1037.JPG:[1203,1752,1451,605,1]
DSCF1038.JPG:[1188,1800,1763,776,2]
DSCF1040.JPG:[418,1835,1011,524,2],[1456,1787,846,452,1],[2297,1777,784,440,3]
DSCF1042.JPG:[2014,1721,997,448,5]
DSCF1044.JPG:[1432,1229,964,498,6]
DSCF1048.JPG:[2537,1082,671,326,3],[441,1237,660,321,4],[1506,1162,655,304,5]
DSCF1049.JPG:[1717,1199,743,371,5],[460,1012,808,375,4],[2770,1368,709,333,3]
DSCF1050.JPG:[476,764,767,377,5],[1767,829,751,345,3]
DSCF1053.JPG:[2004,1540,1014,445,6],[904,1536,1025,494,1]
DSCF1056.JPG:[443,1009,1219,572,2],[1693,960,1192,640,6]
DSCF1059.JPG:[1200,1024,1116,691,2]
DSCF1061.JPG:[1208,1230,1120,654,6],[557,1735,1286,720,6]
DSCF1064.JPG:[2370,331,880,569,3],[529,767,1029,639,2]
DSCF1065.JPG:[2190,922,766,298,1],[705,1037,787,294,3]
DSCF1066.JPG:[2053,1131,643,309,3],[1020,1113,680,315,1]
DSCF1068.JPG:[757,358,1302,466,5],[2457,1523,973,531,1]
DSCF1070.JPG:[1645,1428,1015,593,2],[1520,994,879,514,6]
DSCF1072.JPG:[747,1235,903,507,3],[1880,1512,973,489,2]
DSCF1074.JPG:[1068,1406,1662,883,2]
DSCF1077.JPG:[1693,1394,1098,552,1],[279,1332,1138,576,6]
DSCF1081.JPG:[1493,1293,701,396,4]
DSCF1082.JPG:[2136,609,919,501,3],[992,604,941,487,5]
DSCF1086.JPG:[1471,963,616,323,2],[2881,988,604,355,3],[2181,1011,582,312,1],[705,971,616,312,4]
DSCF1088.JPG:[1247,432,760,390,5],[1337,1533,619,344,2]
DSCF1090.JPG:[1945,823,654,333,1]
DSCF1092.JPG:[1655,1554,890,482,5],[2481,1008,766,522,3],[411,1272,867,549,4]
DSCF1094.JPG:[1369,1045,997,588,2]
DSCF1097.JPG:[1314,646,1159,648,5]
DSCF1099.JPG:[1092,602,1129,540,6]
DSCF1101.JPG:[1025,1102,880,444,2]
DSCF1103.JPG:[1168,1875,825,488,5],[1446,523,718,388,6]
DSCF1104.JPG:[1617,1777,782,432,1],[1705,482,687,321,5]
DSCF1105.JPG:[1033,1038,1366,731,2]
DSCF1106.JPG:[1156,1105,1223,615,2]
DSCF1109.JPG:[1053,912,1162,617,3]
DSCF1110.JPG:[1932,801,1146,599,1],[660,773,1177,614,3]
DSCF1111.JPG:[653,893,1065,542,2]
DSCF1114.JPG:[1536,1200,990,481,6]
DSCF1116.JPG:[1526,1479,1011,489,5]
DSCF1120.JPG:[1228,1300,1324,648,3]
DSCF1122.JPG:[1476,951,1020,492,5]
DSCF1125.JPG:[971,947,639,416,1],[2389,1251,805,439,2],[1186,1394,833,444,6]
DSCF1129.JPG:[1394,1790,787,466,6]
DSCF1130.JPG:[1514,1698,739,464,1]
DSCF1132.JPG:[138,1710,1399,689,5],[2264,1289,955,505,4],[2763,985,428,235,1]
DSCF1133.JPG:[1349,1220,1125,800,1]
DSCF1135.JPG:[1817,1241,578,342,6]
DSCF1137.JPG:[1865,1166,875,457,2]
DSCF1140.JPG:[1715,600,795,298,6]
DSCF1141.JPG:[1809,662,742,283,2]
DSCF1142.JPG:[2003,1227,858,368,1],[908,1192,893,392,2]
DSCF1013.JPG:[1275,1833,470,210,4],[1880,1803,465,212,5],[2432,1764,463,204,6],[1779,1607,460,225,2],[1209,1677,477,216,1],[2294,1516,488,230,3]
DSCF1015.JPG:[636,1369,1192,858,3],[2056,1061,1122,688,6]
DSCF1016.JPG:[1981,1273,1010,542,6],[2403,710,956,634,3],[1050,1861,1128,601,4]
DSCF1017.JPG:[1874,705,783,393,4]
DSCF1021.JPG:[1986,751,949,531,5]
DSCF1023.JPG:[1892,1203,792,415,2]
DSCF1025.JPG:[978,1575,1249,673,6]
DSCF1029.JPG:[2547,827,1071,815,1],[1434,1114,1128,857,2],[106,1675,1271,703,6]
DSCF1032.JPG:[123,1241,1006,423,5],[2331,1151,899,413,6]
DSCF1037.JPG:[1203,1752,1451,605,1]
DSCF1038.JPG:[1188,1800,1763,776,2]
DSCF1040.JPG:[418,1835,1011,524,2],[1456,1787,846,452,1],[2297,1777,784,440,4]
DSCF1042.JPG:[2014,1721,997,448,5]
DSCF1044.JPG:[1432,1229,964,498,6]
DSCF1048.JPG:[2537,1082,671,326,3],[441,1237,660,321,4],[1506,1162,655,304,5]
DSCF1049.JPG:[1717,1199,743,371,5],[460,1012,808,375,4],[2770,1368,709,333,3]
DSCF1050.JPG:[476,764,767,377,5],[1767,829,751,345,3]
DSCF1053.JPG:[2004,1540,1014,445,6],[904,1536,1025,494,1]
DSCF1056.JPG:[443,1009,1219,572,2],[1693,960,1192,640,6]
DSCF1059.JPG:[1200,1024,1116,691,2]
DSCF1061.JPG:[1208,1230,1120,654,2],[557,1735,1286,720,6]
DSCF1064.JPG:[2370,331,880,569,3],[529,767,1029,639,2]
DSCF1065.JPG:[2190,922,766,298,1],[705,1037,787,294,5]
DSCF1066.JPG:[2053,1131,643,309,5],[1020,1113,680,315,1]
DSCF1068.JPG:[757,358,1302,466,5],[2457,1523,973,531,1]
DSCF1070.JPG:[1645,1428,1015,593,2],[1520,994,879,514,6]
DSCF1072.JPG:[747,1235,903,507,3],[1880,1512,973,489,2]
DSCF1074.JPG:[1068,1406,1662,883,2]
DSCF1077.JPG:[1693,1394,1098,552,1],[279,1332,1138,576,6]
DSCF1081.JPG:[1493,1293,701,396,4]
DSCF1082.JPG:[2136,609,919,501,4],[992,604,941,487,5]
DSCF1086.JPG:[1471,963,616,323,2],[2881,988,604,355,3],[2181,1011,582,312,1],[705,971,616,312,4]
DSCF1088.JPG:[1247,432,760,390,5],[1337,1533,619,344,2]
DSCF1090.JPG:[1945,823,654,333,1]
DSCF1092.JPG:[1655,1554,890,482,5],[2481,1008,766,522,3],[411,1272,867,549,4]
DSCF1094.JPG:[1369,1045,997,588,4]
DSCF1097.JPG:[1314,646,1159,648,5]
DSCF1099.JPG:[1092,602,1129,540,6]
DSCF1101.JPG:[1025,1102,880,444,2]
DSCF1103.JPG:[1168,1875,825,488,5],[1446,523,718,388,6]
DSCF1104.JPG:[1617,1777,782,432,1],[1705,482,687,321,5]
DSCF1105.JPG:[1033,1038,1366,731,2]
DSCF1106.JPG:[1156,1105,1223,615,2]
DSCF1109.JPG:[1053,912,1162,617,3]
DSCF1110.JPG:[1932,801,1146,599,1],[660,773,1177,614,3]
DSCF1111.JPG:[653,893,1065,542,2]
DSCF1114.JPG:[1536,1200,990,481,6]
DSCF1116.JPG:[1526,1479,1011,489,5]
DSCF1120.JPG:[1228,1300,1324,648,3]
DSCF1122.JPG:[1476,951,1020,492,5]
DSCF1125.JPG:[971,947,639,416,1],[2389,1251,805,439,2],[1186,1394,833,444,6]
DSCF1129.JPG:[1394,1790,787,466,6]
DSCF1130.JPG:[1514,1698,739,464,1]
DSCF1132.JPG:[138,1710,1399,689,5],[2264,1289,955,505,4],[2763,985,428,235,1]
DSCF1133.JPG:[1349,1220,1125,800,1]
DSCF1135.JPG:[1817,1241,578,342,6]
DSCF1137.JPG:[1865,1166,875,457,2]
DSCF1140.JPG:[1715,600,795,298,6]
DSCF1141.JPG:[1809,662,742,283,2]
DSCF1142.JPG:[2003,1227,858,368,1],[908,1192,893,392,2]
